   sfree_constant sfree_gr_a_d2   sfree_finan sfree_man_finance   sfree_SES  sfree_tsec   sfree_tfree     sfree_age
1      1.09068634    -0.1687146  0.0636019285         0.7565522  0.00948153  0.16264163  0.1333169689 -0.0040375315
2      1.39150301    -0.2869223  0.1377134958         0.7431680  0.04668926  0.19665353  0.0607031221 -0.0042021522
3     -0.27149407    -0.4240304  0.1175092980         0.7284488  0.01650346  0.26028416  0.1264214275  0.0102010588
4      0.67163536    -0.3394669  0.1096791383         0.7265125  0.01931018  0.33046800  0.0205308362  0.0069219354
5      0.24301132    -0.2384786  0.2278247581         0.7977721 -0.02200250  0.23650280  0.1610983727 -0.0037303603
6     -0.14147956    -0.4308489  0.2565834368         0.8436842 -0.01802535  0.25631798  0.1185693221 -0.0021435846
7      0.93330236    -0.2492623  0.0692356079         0.7283672  0.10497689  0.09771881  0.2239859845  0.0012566978
8      1.35136273    -0.2424304  0.0953535162         0.7247798  0.01134796  0.06075304  0.1278070396 -0.0008500242
9      0.50925295    -0.3752705  0.1491590648         0.7632214  0.12635987  0.24454139  0.0524833281 -0.0040770263
10     1.53031961    -0.2043174  0.0718507838         0.6909195  0.03691670  0.23235025 -0.0695384051  0.0047819307
11     0.89659471    -0.3521424  0.0590839419         0.7715951  0.08955876  0.14676336  0.0350568265  0.0019691460
12     0.13705539    -0.2824116  0.2066270919         0.7343958  0.06328112  0.29680155 -0.0007496463 -0.0023298688
13    -0.12487565    -0.3462188  0.2354385776         0.7620939  0.03516771  0.26814875  0.1218065622 -0.0005643371
14     0.06754858    -0.4714919  0.1142269641         0.7499586  0.10755807  0.31092550  0.0224260921  0.0113073028
15    -0.35808349    -0.5959641  0.1938692463         0.7231595  0.04054434  0.12802686  0.2608366928  0.0106454211
16    -1.25563646    -0.3344160  0.1592648730         0.8634665  0.11825838  0.30702844  0.1059494563  0.0060383365
17     0.35804400    -0.3022903  0.1147823511         0.7109161  0.04723526  0.20107688  0.0827747704  0.0007456230
18    -0.08906750    -0.4332172  0.0901767231         0.7612136  0.07979451  0.16309557  0.2308396197  0.0039316912
19     0.17479364    -0.1966104  0.0428064636         0.7986868  0.03940415  0.01133254  0.2920902056  0.0079642066
20     1.23791990    -0.2595450  0.0005507175         0.7112073  0.08829906 -0.06380938  0.2478270128  0.0032957855
21    -0.10241612    -0.6458299  0.2720407604         0.7752866 -0.01743620  0.28241990  0.0447880128  0.0030195199
22     1.72608798    -0.5310946  0.1476048208         0.7371056  0.01689511  0.06815225  0.1439820725 -0.0072899104
23     0.48003783    -0.3164988  0.0783525591         0.8613113  0.11990142  0.06452757  0.1528308342 -0.0026280645
24     0.61632326    -0.3617813  0.0634112353         0.7040467  0.15590937  0.13698709  0.1254392386  0.0001281554
25    -1.21691717    -0.2398661  0.1183007955         0.7440654  0.12796998  0.31828935  0.0841889013  0.0143644157
26     0.38189602    -0.3342292  0.1551961268         0.7097932  0.11202875  0.18624455  0.0343636287  0.0020095775
27     0.58489903    -0.2228516  0.0114744653         0.7635797  0.13645282 -0.11315438  0.2874859561  0.0026902452
28     0.60975661    -0.1995566 -0.0752446155         0.7647013  0.16017277  0.08237204  0.0962613749  0.0112421325
29     2.03838110    -0.2988781  0.0531543513         0.8470646  0.10139932  0.15020991  0.0053205411 -0.0160195292
30     0.96612977    -0.3152975  0.1490447339         0.7576367  0.02721335  0.08126418  0.1727978301 -0.0032810601
31     0.12389725    -0.4503997 -0.0389692607         0.7177620  0.25472624  0.33280641  0.0439794761  0.0061676777
32     1.02383030    -0.3391232  0.1158827034         0.7306375  0.05729645  0.14828940  0.0914403943  0.0013365788
33    -0.69194162    -0.3083756  0.1069819020         0.7662949  0.10429396  0.24241351  0.1568980233  0.0103203683
34    -0.58010159    -0.1786085  0.1103957854         0.7551063  0.05218046  0.21081171  0.0435518635  0.0157428414
   sfree_gender ssec_constant ssec_gr_a_d2  ssec_finan ssec_man_finance      ssec_SES   ssec_tsec  ssec_tfree
1    0.27150503   0.592961116 -0.085314767 -0.02143899        0.8690884 -0.0232310910  0.15918928  0.13794605
2   -0.11129117   0.520818187 -0.126675043 -0.06618509        0.8315137  0.0618495350  0.19206106  0.11270412
3    0.16799635   1.427778606 -0.071912767 -0.17360369        0.7300937  0.0319666274  0.27389217  0.01554943
4   -0.12826716   0.552594500  0.034455559 -0.06487419        0.7504227 -0.0022631647  0.26359797  0.09134749
5    0.03918046   1.039261727 -0.041684367  0.02637780        0.8592853 -0.0683877086  0.22067580  0.07614353
6    0.17683928   0.856517137 -0.095865919  0.03774693        0.8806672 -0.0583663736  0.12682155  0.08853504
7   -0.35427394   0.883635291 -0.167489280 -0.04428798        0.7937731 -0.0075298195  0.16832206  0.18560816
8    0.18926373   1.441155574 -0.048326222 -0.01937736        0.8388295 -0.0185635025  0.03309581  0.11097786
9   -0.01183380   0.656150404 -0.261945831  0.02739076        0.8039126  0.0400978689  0.24169374  0.06635811
10  -0.05944920   0.882730017  0.055853755 -0.12348079        0.7539305  0.0182350549  0.26313641 -0.05942911
11   0.11397965   0.604085001 -0.135231345 -0.03292633        0.8896255 -0.0007180134  0.09208245  0.12704569
12   0.17789558   0.835230858 -0.080327903 -0.03001204        0.7952337  0.0114661857  0.20460926  0.04261968
13   0.06521927   1.407361874 -0.081319862 -0.07870316        0.8439198 -0.0144899706  0.20002674  0.01823019
14  -0.32390634   0.226056156  0.028642443 -0.05332088        0.7917688  0.0113216181  0.36665656 -0.01385311
15  -0.02958036  -0.633805936 -0.320676227  0.02276764        0.8490429  0.0195273397  0.09994628  0.27023752
16   0.10569677  -0.008196328 -0.117688074 -0.06281038        0.9207942  0.0663387031  0.14235049  0.08598940
17   0.33471364   0.707078861 -0.128202936 -0.07342542        0.7180283 -0.0084264741  0.29867604 -0.04678923
18   0.08586261   0.275697011 -0.277725470 -0.05840965        0.8614995  0.0221069110  0.13205907  0.20210819
19   0.08443328   0.594957415 -0.034869756 -0.05910155        0.8629701  0.0102919299 -0.01436980  0.27766224
20   0.04937904   1.113536648 -0.019434181 -0.17915982        0.7604830  0.0408634317 -0.05143151  0.31479478
21   0.12664321   0.706639268 -0.327315485  0.08583627        0.8066611 -0.0828374850  0.36270199 -0.01999777
22   0.03534753   0.583785648 -0.020581801 -0.05525746        0.8121576 -0.0003041778  0.05355124  0.22819173
23   0.08318087   1.484935800 -0.002724288 -0.12690368        0.8817051 -0.0167331593  0.10276247  0.07472657
24   0.08119208   0.520585776 -0.236388397 -0.12547102        0.8243333  0.1087421874  0.15781595  0.04891099
25  -0.02230165   0.640791443 -0.067580892 -0.05684778        0.8135645 -0.0383388017  0.19177487  0.17439758
26   0.10919304  -0.657862239  0.066429562 -0.06523055        0.8295745  0.0943733702  0.23324613  0.03868103
27   0.20873911   0.382563709 -0.033332776 -0.05469401        0.8883880 -0.0080305606 -0.01531293  0.28829105
28  -0.03041907   0.462637150 -0.077275795 -0.06306497        0.8203650  0.0110781629  0.23944546  0.05165422
29   0.02251860   1.662470721 -0.089946748 -0.10458387        0.8800624  0.0081480728  0.09530731  0.08277189
30   0.10616864   0.259326800 -0.037923011 -0.06777906        0.7525958  0.0065374081  0.23338207  0.10192980
31  -0.19615513   0.141016516 -0.301356787 -0.12281235        0.8243734  0.1352860665  0.25567971  0.07794808
32  -0.07136290   1.114507257 -0.040337019 -0.06995733        0.7820715  0.0140711690  0.13967939  0.11672152
33  -0.07456277   0.155098019 -0.194614013 -0.01299046        0.7339145  0.0234855227  0.26821021  0.13773622
34   0.18833176   0.872178142 -0.110969823 -0.05845945        0.7793133 -0.0182318367  0.12888464  0.10842892
        ssec_age  ssec_gender micronarratives_constant micronarratives_gr_a_d2 micronarratives_sfree
1  -0.0004512694  0.443508914                1.1851615            -0.063979489            0.12895903
2   0.0037334290  0.159360195                1.7432993            -0.260295172            0.12393134
3   0.0047457690  0.176659080                0.1039721            -0.174251157            0.04395698
4   0.0077426597  0.190706309                2.0235263            -0.119492711            0.16694583
5  -0.0042464362  0.278396990                0.2684612            -0.230659375            0.18342739
6   0.0054793478  0.115635431                1.7711806            -0.235589854            0.16386555
7   0.0045752971 -0.020747813                1.1879025            -0.357511850            0.19113528
8  -0.0013760682  0.314528558                2.4925615            -0.207884319            0.01859355
9  -0.0011286614  0.193676841                0.5965478            -0.302983796            0.17096046
10  0.0180354176  0.036466484                0.9818603            -0.455229099            0.20605708
11  0.0048793363  0.285726934               -0.1150021            -0.179437611            0.19629404
12  0.0043055897  0.168045952                1.1669209            -0.130476766            0.10504345
13 -0.0042998928  0.393007266                0.4427269            -0.014162837            0.08885457
14  0.0119304972 -0.001071941                1.7605907            -0.102100220            0.07686950
15  0.0123630544  0.278086249                1.2564512             0.019643911            0.03940115
16  0.0037846000  0.418601305                0.5174501            -0.027504544            0.19004327
17  0.0088530028  0.431677759                1.5651815             0.001590152            0.10480575
18  0.0027085303  0.415939561                1.7474088            -0.138702272            0.16444573
19  0.0087563801  0.053060137                1.7500101            -0.032716991            0.12421925
20  0.0071618482  0.203192402                2.1788467            -0.149778769            0.13534464
21 -0.0024863785  0.323646593                1.9079942            -0.141724659            0.17737669
22  0.0089908996  0.132802085                0.7692571            -0.225331560            0.21004476
23  0.0046870101  0.128874143                1.2515920            -0.168971987            0.22191228
24  0.0069299552  0.336853190                1.3089925            -0.132174710            0.26652262
25  0.0052179149  0.177398956                0.2718596             0.008544882            0.15263818
26  0.0160280914  0.280352602                2.5020695            -0.224394159            0.14866438
27  0.0059074697  0.327530855                1.4484020            -0.256282092            0.17590842
28  0.0090499958  0.141010647                0.4592032            -0.197774911            0.25190796
29  0.0001993141  0.064917057                1.5046427            -0.127530731            0.19886768
30  0.0124306142  0.239801087                0.7846411            -0.059807839            0.22736440
31  0.0052050537  0.212535998                1.7964585            -0.155725744            0.24479234
32  0.0033443384  0.189295836                1.3790706            -0.070442479            0.12592398
33  0.0097646634  0.083708449                1.1659623            -0.095325699            0.23630501
34  0.0120517722  0.110539408                1.2024759            -0.171887838            0.12999531
   micronarratives_ssec micronarratives_finan micronarratives_man_finance micronarratives_SES micronarratives_tsec
1          0.0818430389           0.044336972                -0.095868869        -0.020978854           0.09748402
2          0.0604677625           0.044925404                -0.026897857        -0.074784379           0.07011930
3          0.0871191477           0.024612495                 0.063498026         0.044680729           0.02345846
4         -0.0490679119          -0.025186817                 0.012935492        -0.051941848          -0.04247734
5         -0.0012439781           0.093410020                 0.067246133        -0.014295751           0.08339324
6          0.1030441207          -0.011220269                -0.138844151        -0.088063182           0.04699587
7         -0.0002341645          -0.032423684                -0.103408580         0.040923240           0.07088957
8          0.1551069190           0.107157697                -0.046977563        -0.084150419          -0.01908671
9          0.0070457270           0.072148491                 0.015541706        -0.056225048           0.08943684
10        -0.0535954629           0.073227275                -0.020900600         0.017113040           0.07036514
11        -0.0259446833           0.004647598                -0.039404740         0.058350989           0.16101118
12         0.0612799449           0.012937985                -0.030239589        -0.092247537           0.14622146
13         0.1054466073           0.049700818                 0.003176251        -0.046638502          -0.07002480
14         0.0675083240           0.053169888                -0.013224526        -0.039126919           0.09063326
15         0.1130167588          -0.030075008                 0.023642900         0.020524775           0.06502421
16         0.0157232079           0.015085888                -0.031617320        -0.055121687           0.01945148
17         0.0077805850           0.097674430                 0.019396338        -0.061720911           0.02124048
18        -0.0211483695           0.025977294                 0.009835358         0.006851413          -0.05153472
19        -0.0588338236           0.045309182                 0.046003788        -0.059977027           0.05709363
20         0.0038586464          -0.013378228                -0.048050056        -0.087096017          -0.02323449
21         0.0669059863           0.053046104                -0.090323848        -0.049927489           0.04830460
22         0.0807933591           0.040924748                -0.170979677        -0.036197532           0.14825038
23        -0.1045099242           0.022316622                 0.063014183        -0.020966624           0.03753808
24        -0.0830202011           0.007306664                -0.071060648        -0.036874494           0.07184614
25         0.0285201439           0.112897155                 0.036067612        -0.039358922           0.08503384
26         0.0003421399          -0.016247893                -0.068451801        -0.099835237           0.01922584
27         0.0040570410           0.032871802                -0.027036857        -0.040717003           0.12003822
28        -0.0796092849           0.034671892                 0.018644757        -0.059469926           0.16109792
29        -0.0542668333           0.082104520                 0.024474529        -0.091420493           0.09241911
30        -0.0647699485           0.033440418                -0.002752822        -0.023390124          -0.01742755
31        -0.0658796980          -0.082329128                -0.129255685         0.017098095           0.07728742
32         0.0646195355           0.064687306                -0.059150888        -0.048746970           0.04513031
33        -0.0922431759           0.004322313                -0.016782910        -0.049480772           0.06874656
34         0.0785415998          -0.024766582                -0.104987928        -0.054809517          -0.01715882
   micronarratives_tfree micronarratives_age micronarratives_gender
1            0.035244756       -1.557490e-03            0.204866887
2            0.034102499        2.898879e-03            0.018079538
3            0.117810769        1.000618e-02            0.224206407
4            0.169063482       -4.334218e-03            0.339839317
5            0.104752561        5.574007e-03           -0.002745247
6           -0.003081252        3.661394e-03            0.258005681
7            0.001909358        6.007880e-03            0.287706976
8            0.115580126       -9.937360e-03           -0.017123028
9            0.025039004        8.219302e-03            0.246828924
10           0.056021309        4.332691e-03            0.073346935
11           0.063731557        7.626179e-03            0.294905347
12           0.010738619        1.031572e-02            0.094958983
13           0.235723316        8.593408e-03            0.130060255
14           0.047276918        1.361499e-03           -0.132038466
15           0.054442944        1.340007e-03            0.143663040
16           0.095737292        1.246952e-02            0.139068312
17           0.197787681       -8.698737e-03            0.130644221
18           0.087128418        1.597719e-05            0.034470221
19           0.049156256        4.145685e-03            0.023207806
20           0.154457684       -3.277349e-03            0.247508077
21          -0.063957127       -2.921046e-05            0.120982540
22          -0.003358110        6.000685e-03            0.134449320
23           0.164077443       -2.258721e-03            0.083898555
24           0.039694423        5.133016e-03            0.180936065
25           0.102077140        6.369133e-03            0.049639030
26           0.093101290       -2.003829e-03            0.129025432
27          -0.021361985        2.068207e-03            0.057055961
28           0.060371423        3.400811e-03            0.390807940
29           0.139763463       -7.292925e-03            0.203414752
30           0.216969552        3.426693e-03            0.150565152
31           0.046534747        7.851210e-04            0.246801782
32           0.112519567       -3.652532e-03            0.156486060
33           0.079025819        6.733096e-03            0.139489589
34           0.160756181        9.771886e-03            0.115191102
 [ reached 'max' / getOption("max.print") -- omitted 4966 rows ]
